SampleID	PEDF	SP-B	Galectin	FTL	AKAP4	LUM	COL	MASP1	ITG-b1	PTPRJ	Gelsolin	TSP-1	ZYX	CD163	FDA	PC	Status
10086901	107635	61.4	67.095	1326.975	2700.845	108.985	1468.815	282690	257.38	351.51	1273.195	463900	501.87	40.77	186.3	528.295	0
10086902	136455	61.4	85.69	750.175	2286.145	0	863.74	409725	184.52	328.875	797.725	216520	439.415	46.775	164.33	334.975	0
10086924	130085	61.4	123.99	2065.07	2146.855	83.255	1011.84	240220	254.52	446.94	758.075	191805	541.185	43.275	152.145	320.965	0
10086934	106695	928.25	94.155	1914.125	2640.48	92.69	1644.135	523840	461.695	41.21	863.81	256615	664.08	58.59	287.79	337.38	1
10042716	110565	558.0136	69.81302	1563.2709	885.455	56.72138	1103.9285	245555	186.17305	417.3099	665.206	222150.9	204.1622	59.30374	232.85201	244.42616	1
10042715	131440	591.21675	60.378095	2029.0551	1149.07	72.98031	1999.0715	139960	344.11435	510.32765	750.7131	309991.9	174.2999	62.66632	212.2144	336.27168	1
10042718	83305	471.12025	100.00478	1398.5037	1112.77	70.93883	2667.8565	15405	296.1274	252.3045	950.8361	308640.5	183.4883	55.6825	160.09569	377.30904	1
10042719	178960	751.5809	77.16233	2947.9491	1267.97	61.46053	1906.4705	632280	202.04275	464.2232	525.1199	153905.2	466.7973	43.1806	124.7669	169.191	1
10042732	579090	2156.70995	293.4704	6604.5135	6849.355	216.02973	9103.626	2198900	977.39095	2123.17455	2957.524	1005287.2	1390.2315	196.82464	612.02437	791.59096	1
10042733	117355	639.9618	57.1007	1173.5331	1496.87	50.96149	2261.441	440850	348.64855	499.00375	677.9411	193771.5	341.2225	44.30146	195.07469	202.90026	1
10042734	121285	589.0974	55.610975	1072.1379	1597.445	62.84582	1901.326	510105	216.7789	511.94535	566.9638	251206	362.6621	34.38616	194.02532	195.08362	1
10042735	497270	2399.0223	310.75121	5042.3937	4730.37	227.03914	9113.915	2335800	947.91865	1613.59905	3812.595	1245160.7	1363.432	128.36596	552.56007	921.5426	1
10042736	137240	637.136	84.71027	1702.6893	1255.84	74.65724	2230.574	546800	283.65835	408.41255	970.8484	376886.2	410.9012	48.00892	158.34674	167.72538	1
10045737	171880	464.7622	89.973965	1873.7937	1255.515	85.22919	1947.6265	497050	240.2056	433.4869	950.8361	305937.7	351.9423	76.3753	211.51482	307.93636	1
10045738	165415	654.0908	65.542475	2117.7759	1339.675	69.62645	1927.0485	497065	242.09485	489.29755	985.4028	351885.3	300.6404	48.87112	244.04529	261.52506	1
10045740	178060	650.55855	76.665755	2282.5431	1396.735	75.16761	2163.6955	331360	306.32935	472.3117	1434.7699	388373.1	350.4109	40.33534	157.99695	268.36462	1
10045741	190080	590.5103	76.9637	1949.8401	1379.92	56.42974	2199.707	461785	269.6779	575.03565	1165.5135	301207.8	380.2732	46.88806	235.65033	300.60826	1
10045771	129210	672.4585	66.734255	2095.5957	1586.22	86.39575	2456.932	449950	401.54755	508.70995	1167.3328	426888	338.1597	36.7141	268.53059	432.02552	1
10045775	230650	1075.84145	142.31297	3559.4889	3598.955	175.34595	6330.7405	395670	497.1436	884.01635	2231.6233	781630.5	573.2296	111.46684	424.88672	664.08202	1
10042738	488265	1950.42655	278.97041	4075.9707	3993.455	193.28181	6449.064	2071740	673.59955	1576.39195	1918.7037	751224	1284.5649	131.64232	454.26908	650.4029	1
10024846	160530	500.0847	81.830135	1100.6553	1376.16	62.99164	548.3225	0	182.0167	393.0444	883.522	176879	442.2949	51.11284	154.84884	292.79162	1
10045774	49640	381.4011	35.946605	1027.7775	405.375	60.14815	929.0155	406830	208.08835	308.924	499.6497	172149.1	351.9423	49.04356	156.59779	219.99916	1
10045776	178865	642.7876	69.61439	1350.9747	1533.815	75.38634	2173.9845	277530	296.1274	454.517	794.3763	359993.7	478.2828	45.07744	168.14086	220.4877	1
10042617	293620	1601.44025	150.556115	4319.9529	4410.795	168.85696	7143.5715	1280510	671.33245	1196.23245	2251.6356	898526.6	570.1668	114.65698	575.64621	841.42204	1
10086938	1075950	61.4	336.105	7185.58	4941.985	372.62	5319.695	2006465	492.065	1799.97	3579.285	994320	2180.605	214.67	542.195	1718.635	1
10086915	117785	1515.015	63.12	1398.56	3226.96	47.405	1340.455	272140	243.655	387.84	279.475	389655	708.93	40.06	183.73	390.725	1
10086910	30730	1010.62	151.93	1783.7	2021.025	91.85	1140.045	572620	561.07	578.59	1166.585	342595	669.03	60.145	294.28	111.125	1
10086925	247680	873.465	104.88	2410.755	3416.075	134.535	2671.3	472895	613.865	651.8	1002.79	415765	943.745	79.245	268.785	341.92	1
10086940	165010	875.905	154.905	1102.465	1623.32	67.52	1800.275	359535	525.37	612.785	638.19	169710	735.45	76.765	181.125	343.49	1
10086917	367245	249.62	184.83	3798.77	4061.205	253.935	3113.3	1034080	536.835	1027.685	799.34	740845	1037.605	114.7	514.05	616.845	1
10086918	146475	61.4	77.435	2174.01	3065.235	78.295	1478.18	474555	427.255	706.525	389.61	488275	598	68.22	202.385	271.265	1
10086916	139005	78.615	66.87	1857.82	1781.49	51.755	1458	264260	499.875	401.335	432.28	322735	648.27	61.645	213.725	208.525	1
10086907	185925	3235.195	202.05	2059.41	2542.5	198.625	2342.405	948085	359.83	978.965	1573.435	488770	940.62	103.015	240.285	807.355	1
10086908	263665	400.5	215.41	3187.37	3611.16	126.66	3141.14	881200	445.04	1190.235	2102.405	567745	867.31	94.02	386.64	931.975	1
10086926	269910	307.145	149.27	3478.04	3543.475	154.845	2427.93	1113925	467.325	880.88	1449.345	583845	1362.755	149.89	420.725	915.34	1
10086933	154375	918.42	138.89	1565.72	2418.815	158.085	1684.575	477245	427.065	359.06	849.345	313920	920.445	55.095	211.18	343.405	0
10086911	95500	820.49	74.485	1619.96	3555.24	109.075	1586	378850	257.975	608.13	424.08	389385	827.04	69.5	212.11	306.285	0
10086903	88710	61.4	124.365	930.82	2741.43	37.315	1140.13	174435	185.765	41.21	900.985	175280	289.68	33.29	196.995	397.715	0
10086904	12730	1493.94	88.705	967.125	1032.325	64.7	888.445	155625	124.68	253.215	809.92	93670	331.355	53.35	102.555	107.6	0
10086923	245955	763.76	54.455	1846.695	2589.055	130.74	1437.915	194410	317.09	1086.405	1045.2	410490	425.96	64.575	129.9	663.975	0
10086909	35235	2573.48	149.535	1215.98	2179.985	68.925	1682.925	522540	469.865	332.72	756.575	174280	875.97	52.87	269.215	309.645	1
10086921	186325	299.595	113.555	2211.665	2224.89	82.72	1542.015	487125	512.94	444.71	372.55	310005	770.59	37.52	135.845	269.73	1
10086939	213565	961.01	112.025	1122.07	2456.085	55.155	1596.655	538315	338.08	542.355	791.665	347315	1034.33	75.55	251.92	571.945	1
10086928	148290	338.625	157.145	1663.935	2724.485	126.275	1729.995	429100	511.855	493.16	1484.81	249490	733.77	72.76	20.54	328.54	0
10086929	282190	119.98	114.35	1425.78	2572.035	142.135	2080.705	549530	610.35	796.285	964.265	396670	364.93	85.25	323.515	327.255	0
10086937	194195	333.91	125.74	2073.66	3258.69	124.94	1862	529380	552.17	579.52	1055.26	465340	675.14	70.65	386.665	388.605	1
10086930	118550	75.055	121.6	1936.82	1530.805	47.41	1889.37	358680	346.74	762.565	990.995	459535	585.42	60.085	188.755	274.365	1
10086919	138300	555.185	132.505	1870.3	2506.24	106.71	1474.29	599485	380.9	471.535	426.37	417060	582.945	70.86	321.635	752.375	1
10045603	229180	1055.305	107.855	1039.56	2190.425	46.02	1095.7	372810	246.995	648.545	640.615	382580	370.275	62.845	268.49	261.82	0
10045605	140505	445.175	134.485	3160.595	4280.27	152.915	2061.27	810880	667.96	1411.48	1632.495	363255	1057.73	99.53	396.37	910.83	0
10045606	129910	2175.975	216.805	1812.065	1645.65	77.135	1708.32	502470	305.66	703.57	1164.82	418405	562.055	72.69	372.72	386.39	0
10045607	212255	723.175	247.345	2688.195	2818.365	196.85	2781.26	540640	389.905	1115.03	1431.7	501720	1044.82	100.535	415.98	724.385	0
10045608	121790	271.095	92.385	1275.425	1626.02	95.51	1762.305	332220	112.42	345.12	626.285	73345	958.25	64.65	176.61	285.885	0
10045609	57995	683.5	207.535	1875.84	2315.425	68.645	1617.09	847145	319.05	555.225	810.315	398805	969.895	64.95	213.95	260.1	0
10030902	234975	751.34	87.67	2534.99	3460.34	137.81	1668.075	495520	272.255	754.345	1119.05	417920	577.135	77.65	241.145	303.12	0
10030904	136470	766.53	92.03	2174.635	3301.895	92.135	2135.89	415410	218.195	857.965	864.105	322145	730.69	65.625	190.085	421.435	0
10030889	189575	313.925	130.31	2309.74	3566.925	188.565	2419.555	541080	596.695	1015.235	1073.42	429955	860.495	72.755	268.955	521.6	0
10030894	101275	1883.63	92.015	1298.725	2602.38	84.98	1590.445	384210	159.12	504.13	548.12	276140	689.375	52.175	145.655	187.28	0
10030895	129525	61.4	80.755	1633.21	2844.175	34.485	1222.14	298970	172.46	397.82	703.13	285105	513.33	53.365	233.595	319.325	0
10030897	115645	3525.755	119.82	1701.16	1028.675	90.125	1160.735	272695	183.77	483.455	969.885	518040	707.09	59.88	166.755	262.69	0
10030887	142020	354.37	87.365	1823.89	2304.545	101.77	1394.62	388780	188.405	452.635	615.065	237425	335.55	41.785	266.46	124.41	0
10030886	171625	280.405	177.665	3292.55	2796.475	114.87	2484.125	1071595	493.725	1301.2	1363.915	678525	1141.04	106.97	412.075	616.95	0
10030888	295500	61.4	228.21	3021.72	3659.24	126.445	2588.265	1082035	455.125	1033.05	1738.83	709885	926.965	122.51	381.25	933.39	0
10030883	74740	371.355	118.95	2349.235	1336.635	18.465	2019.79	415805	135.43	474.87	511.445	315820	572.295	60.58	213.37	190.9	0
10030899	104705	486	124.23	1598.35	951.41	40.48	1247.015	433555	298.74	309.825	876.14	178600	808.335	53.92	188.45	230.2	0
10047623	75325	1964.425	88.955	2485.015	2625.95	85.83	2242.41	685895	316.535	786.395	1387.885	522070	884.12	71.915	203.18	302.11	0
10047624	205555	1179.075	66.465	1728.25	2712.735	74.75	1701.825	277365	281.085	623.75	833.755	382165	398.845	77.8	160.2	417.145	0
10047625	320210	571.24	136.26	4121.02	3448.69	225.32	2875.18	457245	459.01	1093.625	1430.625	456180	928.81	124.795	282.02	806.8	0
10047626	178990	1552.25	79.91	2498.99	2352.07	63.21	1869.34	486490	328.145	586.57	793.7	176570	830.235	66.54	156.455	161.82	0
10047627	222120	477.645	107.51	2296.29	4095.395	99.41	2153.515	864500	461.485	1090.465	1635.445	467445	959.48	113.125	395.19	649.04	0
10047628	254835	61.4	133.71	1608.58	2666.37	78.26	1155.04	352030	371.215	514.81	1106.44	84500	489.885	42.5	179.115	584.445	0
10047629	180870	61.4	116.005	1585.145	2697.445	63.955	1002.085	257445	355.99	493.22	661.695	74190	459.51	64.62	252.055	164.115	0
10047630	177105	61.4	71.47	1382.665	1631.495	34.98	1397.92	462740	198.79	813.61	655.17	182925	421.75	44.34	254.38	223.005	0
10047631	80790	61.4	68.46	1224.505	1236.52	70.74	1589.22	378555	183.095	570.8	1086.13	132230	720.575	58.865	211.555	134.365	0
10047633	125460	61.4	171.265	198.265	2219.56	58.76	1465.16	491115	221.88	481.745	862.79	236920	438.815	55.865	159.15	314.43	0
10045731	144340	373.765	115.105	1319.83	2548.99	22.175	1351.975	411670	265.08	380.44	404.165	203400	700.075	56.375	194.335	196.785	0
10045729	149325	61.4	149.285	2114.15	2223.665	153.945	2280.37	850190	425.265	792.23	743.425	354060	1229.495	75.05	244.89	477.525	0
10045724	122335	184.24	126.85	198.265	3297.75	123.745	2113.15	792895	396.585	1230.835	913.685	650480	973.08	95.62	292.205	330.47	0
10045723	248970	6165.815	83.08	1989.8	2212.665	74.795	1500.25	580830	300.695	689.17	869.73	511120	818.89	52.58	303.48	319.82	0
10045725	348460	5634.275	106.07	1446.155	2095.18	48.2	1489.81	1046025	325.745	612.555	683.47	280155	519.935	52.475	235.875	293.5	0
10045728	262885	1930.685	63.095	274.26	1696.365	38.765	1252.165	567015	147.315	418.57	605.49	203040	516.34	34.14	185.85	129.915	0
10045732	88660	1484.665	106.79	790.305	2847.575	30.985	1034.76	400735	162.415	685.545	696.475	118030	511.94	44.405	135.7	196.85	0
10045726	283145	61.4	83.51	874.41	3198.71	26.075	1399.42	828055	145.22	531.695	933.205	485255	378.075	37.56	268.95	917.82	0
10045727	220100	667.34	99.85	654.555	1061.64	57.53	1021.525	362815	275.565	470.06	449.38	253450	532.01	37.065	143.98	120.63	0
10045742	203640	61.4	112.79	899.18	1477.9	22.25	1290.875	279370	171.33	640.345	832.13	88685	339.295	41.695	239.595	149.915	0
10045739	152210	61.4	90	1278.71	2972.92	69.285	1773.975	284330	622.765	1055.08	905.83	266555	649.63	63.035	167.17	166.745	0
10045631	52770	61.4	98.095	456.56	1851.415	0	508.01	281200	137.565	462.665	689.34	233525	114.775	24.73	110.58	27.745	0
10045646	156740	61.4	148.405	760.59	2253.195	7.365	982.25	291125	545.75	596.075	830.98	309970	596.84	24.58	204	196.4	0
10045622	159365	61.4	138.52	823.845	1824.41	0.985	1245.865	206395	244.465	413.685	93.455	149290	818.575	25.4	180.88	160.48	0
10045621	154895	61.4	50.575	665.595	1695.62	36.9	1206.505	552910	215.16	897.245	976.14	106290	656.63	46.58	197.63	284.58	0
10030881	219705	666.8069	77.261645	1078.4751	1264.66	58.68995	1767.569	507525	222.8245	295.17355	894.4378	220123.8	372.6162	44.30146	166.39191	169.67954	0
10030892	172980	970.5804	84.71027	1724.8695	1767.91	63.86656	1613.234	394545	208.4662	464.2232	1394.7453	266071.4	488.2369	39.7318	200.67133	197.03778	0
10030900	20315	604.6393	57.398645	1376.3235	1262.385	78.59438	1551.5	497460	197.50855	443.1931	830.7623	336344.2	371.0848	41.11132	229.7039	223.90748	0
10030926	186430	981.8836	85.90205	1895.9739	2360.68	83.04189	1927.0485	659460	293.48245	558.0498	983.5835	326208.7	513.505	38.78338	130.36354	251.26572	0
10030929	141990	899.22895	109.042445	1800.9159	2680.84	89.02051	2065.95	733435	350.91565	568.56485	1600.3262	429590.8	520.3963	73.09894	210.46545	192.15238	0
10030936	55465	365.15275	49.95002	1110.1611	706.4	38.27515	702.6575	87275	148.0102	224.8036	674.3025	179581.8	255.4641	27.31612	113.22383	177.49618	0
10030937	138685	862.49355	108.14861	1756.5555	803.835	84.93755	1602.945	631295	260.23165	438.34	1529.3735	257287.3	360.365	50.5093	268.88038	265.43338	0
10030940	575785	2617.31535	374.51144	10089.9735	7528.875	277.93032	5944.903	3006210	741.2347	2409.50745	5895.6935	1927617.7	2015.8084	92.92954	1109.07596	1351.4578	0
10030943	167560	1147.1929	123.343805	2707.1355	2884.865	57.66921	2462.0765	762815	353.5606	728.71715	996.3186	524864.5	673.5363	61.7179	398.65247	490.65032	0
10042530	164005	585.56515	71.302745	2450.4789	1646.87	69.04317	2235.7185	274580	285.16975	517.6073	836.2202	317424.6	260.0583	65.25292	290.91715	343.59978	0
10042606	103580	813.7485	33.46373	1680.5091	1210.815	79.39639	4051.727	208640	212.62255	468.26745	894.4378	373507.7	349.6452	73.53004	333.59153	356.30182	0
10045601	168640	1186.7541	83.31986	2174.8107	1718.58	120.15308	2492.9435	278905	325.5997	427.82495	1214.6346	443780.5	506.6137	49.12978	191.227	443.75048	0
10045610	178575	712.0197	79.843835	2149.4619	1435.255	53.87789	1088.495	348040	174.08185	358.26385	586.9761	209988.3	551.0243	42.83572	139.80787	152.0921	0
10045735	156895	567.19745	67.528775	2149.4619	1439.41	67.29333	1937.3375	332545	189.5737	397.8975	530.5778	247827.5	531.1161	39.90424	120.21963	141.83276	0
10047738	141000	772.7744	87.68972	1851.6135	2533.495	81.87533	2333.464	635225	285.16975	477.97365	989.0414	398508.6	426.9809	53.00968	325.54636	314.28738	0
10047751	280245	1326.6312	112.617785	3404.2275	3555.75	114.24737	4787.3905	1598000	524.3488	958.43055	1525.7349	792441.7	669.7078	136.7293	368.22074	412.97246	0
10047777	164570	245.7627	95.734235	2124.1131	2249.3	88.14559	2240.863	563285	335.4238	818.4995	1527.5542	211339.7	525.7562	42.23218	199.62196	242.96054	0
10047846	319445	1473.5728	176.179385	4757.2197	5066.42	162.07633	5862.591	1634700	576.11425	1088.6554	3072.1399	899878	1020.3984	129.22816	467.21131	815.52942	0
10047998	165680	582.0329	92.65547	1613.9685	878.395	69.40772	1335.431	470940	290.45965	521.65155	1092.7415	330262.9	285.3264	39.55936	154.49905	268.85316	0
10042539	427370	1720.8303	255.33344	6303.4965	4081.18	228.86189	8203.3385	2556455	949.43005	2060.8931	4820.4872	1256647.6	1187.321	143.1958	797.76286	1176.07194	0
10041713	149720	550.24265	78.453425	2101.9329	1092.38	73.27195	1474.3325	299505	270.81145	510.32765	1127.3082	369453.5	157.4545	44.30146	241.94655	280.57812	0
10045602	80605	442.1558	50.645225	1354.1433	663.135	38.49388	795.2585	94060	194.8636	381.7205	545.1322	212691.1	308.2974	27.48856	114.2732	147.69524	0
10042611	188800	585.56515	70.40891	2076.5841	1089.49	75.89671	1680.1125	482185	285.16975	567.756	1460.2401	295126.5	385.6331	54.04432	195.42448	236.60952	0
10042613	129120	548.82975	86.199995	1629.8115	988.675	66.71005	1829.303	314970	273.07855	436.7223	945.3782	276882.6	368.022	48.61246	183.88141	296.2114	0
10047851	142790	682.3488	81.234245	2146.2933	1489.01	93.46802	2343.753	365680	300.6616	446.4285	1258.2978	387021.7	309.0631	73.61626	219.2102	341.64562	0
10042532	202720	764.297	90.8678	1563.2709	1273.175	97.6968	4113.461	331460	281.39125	450.47275	1225.5504	382967.5	168.1743	50.76796	208.01692	262.50214	0
10047750	158560	673.8714	72.39521	1737.5439	1495.475	73.78232	3022.827	342075	334.29025	531.35775	990.8607	341749.8	274.6066	52.2337	228.65453	423.72034	0
10047757	244855	1289.18935	129.898595	3686.2329	3056.86	124.52768	3465.254	443680	615.41065	850.8535	1940.5353	664058.7	494.3625	78.18592	422.0884	557.09176	0
10047782	143710	760.0583	68.323295	2336.4093	1243.445	96.38442	1746.991	85330	253.43035	389.809	985.4028	322154.5	297.5776	61.20058	242.64613	367.0497	0
10047781	389225	2264.09035	320.186135	6240.1245	6569.13	239.79839	11727.321	2406990	910.88935	2338.32865	3779.8476	1068803	1409.374	191.22034	769.42987	1199.03332	0
10042540	180150	745.9293	75.076715	1078.4751	853.63	44.32668	1731.5575	413330	228.8701	600.91885	994.4993	298505	248.5728	37.31764	116.37194	290.83746	0
10030924	162340	728.9745	82.72397	1582.2825	1540.12	72.98031	2976.5265	581705	379.63225	609.00735	1232.8276	361345.1	441.5292	50.25064	218.16083	354.8362	0
10030932	99330	804.56465	70.905485	1721.7009	1253.81	70.79301	2384.909	480515	329.75605	632.464	1030.8853	393103	349.6452	42.49084	116.02215	265.92192	0
10030930	137590	945.85465	109.14176	1975.1889	1442.975	94.19712	2580.4	638325	353.5606	733.57025	1449.3243	215393.9	449.1862	43.00816	199.97175	372.42364	0
10047999	104330	643.49405	77.36096	1167.1959	838.395	53.29461	1700.6905	476760	283.65835	512.7542	1098.1994	209312.6	393.2901	46.45696	232.50222	255.17404	0
10042531	150435	647.0263	80.439725	1541.0907	1001.37	76.26126	2199.707	502785	328.6225	523.26925	1251.0206	333641.4	360.365	44.4739	206.96755	326.50088	0
10042607	163045	675.99075	90.66917	1594.9569	1122.685	73.49068	1767.569	456785	268.9222	474.73825	1007.2344	348506.8	319.7829	53.9581	241.24697	317.21862	0
10047866	182560	825.0517	71.0048	2114.6073	1506.48	72.32412	2688.4345	193620	248.89615	481.20905	1194.6223	577569.1	171.2371	51.3715	280.77324	283.50936	0
10030925	48210	197.7241	29.987705	758.4465	487.015	26.09918	481.444	0	142.7203	243.40715	357.7443	118768.8	76.2903	51.54394	114.62299	141.34422	0
10047741	118225	585.56515	59.980835	1366.8177	819.85	78.81311	1772.7135	29395	294.23815	449.6639	965.3905	278234	177.3627	33.2653	161.14506	362.65284	0
10030950	237130	632.8973	88.583555	1265.4225	793.475	66.71005	2153.4065	637275	245.4955	528.9312	501.469	320127.4	316.7201	54.3892	189.82784	195.08362	0
10047771	277565	1018.619	179.05952	2098.7643	2798.115	87.56231	2925.0815	379760	412.12735	908.28185	1711.3035	608651.3	505.0823	66.97732	259.78584	419.32348	0
10030890	47775	615.23605	88.186295	1509.4047	1499.05	49.64911	1916.7595	405275	288.94825	541.8728	1049.0783	419455.3	170.4714	43.00816	245.09466	216.57938	0
10045733	122885	1152.13805	127.912295	2688.1239	2443.875	139.76587	4195.773	1269100	482.40745	795.04285	1702.207	643787.7	936.1714	61.7179	293.36568	437.888	0
10024863	45225	228.10145	28.89524	679.2315	392.535	20.19347	440.288	0	148.0102	221.5682	332.2741	128904.3	104.6212	21.6256	95.38454	101.28394	0
10047632	439785	1863.5332	279.5663	7754.7153	4626.955	152.45221	7627.1545	2412780	910.13365	1929.05055	4789.5591	1370840.9	1314.4272	170.44132	757.8868	873.17714	0
10030893	55950	793.26145	86.994515	1610.7999	1464.745	73.19904	2256.2965	380275	254.5639	697.172	963.5712	249854.6	338.9254	38.17984	266.08206	193.12946	0
10030980	110135	673.8714	69.912335	1766.0613	917.625	93.39511	1510.344	518045	205.4434	517.6073	974.487	326884.4	306.0003	48.09514	219.2102	268.36462	0
10042569	149870	745.9293	83.220545	2368.0953	1616.075	81.14623	2467.221	541920	290.0818	544.29935	1425.6734	406617	345.8167	58.87264	250.6913	239.54076	0
10042592	289015	906.29345	146.186255	4186.8717	2221.205	115.99721	4391.264	968200	460.49215	1192.99705	1774.979	614056.9	489.7683	73.61626	461.61467	596.6635	0
10024865	104440	500.0847	64.946585	1268.5911	996.225	93.54093	4463.287	131385	410.2381	309.73285	1402.0225	271477	841.9903	75.59932	134.56102	170.16808	0
10030896	95845	409.6591	95.138345	1617.1371	1015.43	80.56295	1649.2455	35385	347.89285	494.9595	1023.6081	284991	284.5607	37.92118	165.34254	216.57938	0
10030885	#VALUE!	1208.65405	136.254755	2136.7875	2370.63	97.18643	5517.9095	1170315	427.99705	946.2978	1396.5646	408644.1	840.4589	69.0466	238.09886	419.81202	0
10045734	#VALUE!	1462.97605	153.23762	1651.9917	2523.11	114.4661	3562.9995	1253525	358.0948	1117.774	1556.663	552568.2	558.6813	70.59856	324.1472	441.30778	0
10030933	#VALUE!	598.9877	65.343845	767.9523	1280.855	62.91873	1793.2915	383215	181.63885	499.00375	747.0745	208636.9	415.4954	21.1945	175.48645	160.39728	0
10045604	#VALUE!	825.0517	89.179445	1550.5965	1522.125	63.79365	1381.7315	609630	270.81145	651.06755	841.6781	370129.2	625.2972	46.45696	185.28057	190.19822	0
10047768	#VALUE!	888.6322	76.467125	1560.1023	1528.67	70.20973	2328.3195	586505	131.00695	679.3773	1161.8749	433645	502.0195	39.7318	175.83624	276.6698	0
10047756	#VALUE!	664.68755	75.77192	1927.6599	1171.61	72.61576	1674.968	561490	244.36195	500.62145	1214.6346	363372.2	327.4399	43.6117	176.88561	239.05222	0
10047745	#VALUE!	1284.95065	164.16227	3971.4069	2924.665	128.61064	5240.1065	1229030	475.984	1349.91395	2788.3291	903256.5	704.93	79.91032	434.68084	644.54042	0
10030898	#VALUE!	680.9359	83.31986	1512.5733	929.05	61.9709	1783.0025	263715	358.47265	599.30115	1058.1748	410671.2	355.7708	48.09514	186.67973	261.52506	0
10086927	184455	2084.2	90.59	1754.565	2758.98	61.405	1261.64	338625	169.7	363.445	847.88	225055	544.765	50.845	269.475	442.68	1
10086936	186520	250.385	110.41	1774.435	2601.44	109.225	1354.66	324540	279.135	593.32	682.72	263085	553.305	74.955	194.355	448.225	1
10086899	152865	2251.355	208.7	2547.52	2637.125	122.955	1223.005	458260	517.835	595.52	1171.335	498500	615.195	80.18	188.155	303.935	1
10086900	219410	1544.845	79.39	2496.8	3217.38	114.145	1464.435	499060	312.815	464.13	1002.87	341845	589.005	65.39	169.57	495.825	1
10086922	97015	1161.91	131.395	2048.435	2215.69	46.395	1634.94	651315	550.89	603.51	469.07	416695	689.015	45.795	327.625	157.825	1
10086914	65995	1370.545	61.44	1594.155	2927.185	70	949.355	386910	183.315	488.215	297.945	214395	738.375	53.97	134.365	159.23	1
10086905	137380	61.4	113.375	1217.53	2643.755	88.045	1389.975	379595	323.15	618.825	1004.305	509490	455.19	48.275	324.775	202.75	1
10086906	154620	61.4	64.77	1664.205	2726.9	73.78	1328.355	321845	183.82	709.895	999.775	436030	385.61	52.625	146.545	286.345	1
10086920	161140	1578.925	122.145	1652.96	2240.185	43.31	1650.41	393840	470.97	581.87	411.595	356975	575.53	50.51	223.765	273.695	1
10086912	88690	78.885	75.535	2195.145	2860.545	74.465	1475.89	321845	246.37	499.155	485.135	323560	684.97	63.035	139.5	436.095	1
10086913	177040	559.435	62.755	2272.995	2446.905	82.78	1839.635	436150	494.165	469.985	377.05	372845	534.545	56.07	166.64	332.34	1
10086932	155570	632.84	168.66	1826.45	2037.21	93.66	1858.71	413235	182.65	348.39	788.385	172360	849.495	62.505	292.775	279.155	1
10086935	191100	61.4	107.165	1567.685	2509.485	105.015	2452	462145	498.915	541.415	1002.955	313055	761.975	83.69	279.715	345.95	1
10086931	112770	5583.265	145.79	1133.2	1771.65	43.38	1575.73	348780	352.245	406.015	799.715	465285	333.765	54.085	268.525	313.63	1